GID ZTRUE LOGMASS LOGMASS_ERR g_obs r_obs i_obs z_obs g_abs r_abs i_abs z_abs
020090 0.4094 11.3200 0.3065 19.832 19.078 18.597 18.352 -21.912 -22.666 -23.147 -23.392
040540 0.6088 11.7860 0.0755 21.660 20.541 19.737 19.387 -21.117 -22.236 -23.040 -23.390
150513 0.2672 8.8930 0.2575 22.607 22.528 22.285 22.125 -18.060 -18.139 -18.382 -18.542
160068 0.3966 11.4520 0.0085 20.566 19.546 18.959 18.639 -21.097 -22.117 -22.704 -23.024
180538 0.6406 11.0160 0.3505 22.545 21.476 20.973 20.626 -20.367 -21.436 -21.939 -22.286
380451 0.3154 11.6200 0.0890 19.356 18.502 18.055 17.701 -21.725 -22.579 -23.026 -23.380
510245 0.5428 11.4750 0.2395 22.032 20.828 20.128 19.888 -20.444 -21.648 -22.348 -22.588
360154 0.4256 11.2220 0.0630 21.543 20.443 19.804 19.527 -20.301 -21.401 -22.040 -22.317
160070 0.3589 11.1190 0.0075 20.757 19.821 19.400 19.069 -20.651 -21.587 -22.008 -22.339
440115 0.2463 11.3320 0.0875 19.546 18.477 18.074 17.890 -20.919 -21.988 -22.391 -22.575
580300 0.2402 9.4770 0.4420 22.195 21.675 21.337 21.457 -18.209 -18.729 -19.067 -18.947
060015 0.3847 11.1080 0.1400 19.932 18.938 18.607 18.309 -21.653 -22.647 -22.978 -23.276
170324 0.3078 9.6330 0.4395 22.599 22.034 21.839 21.628 -18.421 -18.986 -19.181 -19.392
390574 0.3636 11.0120 0.0600 21.579 20.422 19.886 19.640 -19.862 -21.019 -21.555 -21.801
510251 0.2403 11.6540 0.1935 18.662 17.866 17.401 17.126 -21.743 -22.539 -23.004 -23.279
580311 0.2541 11.0770 0.1760 20.480 19.204 18.913 18.611 -20.062 -21.338 -21.629 -21.931
070612 0.5536 11.6260 0.2620 21.558 20.455 19.876 19.500 -20.969 -22.072 -22.651 -23.027
120369 0.7418 10.5630 0.2175 21.198 20.436 20.096 19.875 -22.103 -22.865 -23.205 -23.426
360162 0.4841 10.1850 0.4090 23.248 22.827 22.272 21.969 -18.929 -19.350 -19.905 -20.208
350480 0.3108 10.4030 0.3570 22.026 21.147 20.798 20.552 -19.018 -19.897 -20.246 -20.492
530201 0.3366 8.6120 0.3955 24.515 24.116 24.101 23.476 -16.730 -17.129 -17.144 -17.769
160082 0.1911 9.7040 0.2300 21.007 20.652 20.327 20.212 -18.839 -19.194 -19.519 -19.634
180561 0.2300 8.4440 0.4205 23.252 23.131 23.304 23.029 -17.045 -17.166 -16.993 -17.268
310087 0.1911 10.6090 0.4470 21.102 20.216 19.813 19.589 -18.744 -19.630 -20.033 -20.257
380046 0.0985 9.9720 0.0835 19.779 19.115 18.640 18.547 -18.501 -19.165 -19.640 -19.733
540029 0.4997 11.7380 0.0975 21.134 19.773 19.172 18.826 -21.126 -22.487 -23.088 -23.434
040573 0.3613 10.4650 0.1785 21.462 20.857 20.503 20.224 -19.963 -20.568 -20.922 -21.201
131031 0.2961 9.4060 0.2200 21.769 21.228 21.224 21.149 -19.154 -19.695 -19.699 -19.774
190001 0.4354 11.6420 0.4980 21.677 20.218 19.699 19.394 -20.226 -21.685 -22.204 -22.509
500275 0.3931 11.3230 0.1530 21.144 19.816 19.351 19.037 -20.496 -21.824 -22.289 -22.603
520120 0.5797 9.2580 0.2465 23.308 22.600 22.725 22.843 -19.340 -20.048 -19.923 -19.805
540033 0.3124 10.7070 0.1440 20.520 19.764 19.389 19.041 -20.537 -21.293 -21.668 -22.016
580319 0.3069 11.0910 0.0345 20.250 19.355 18.933 18.729 -20.762 -21.657 -22.079 -22.283
091437 0.4660 9.6010 0.1565 21.941 21.745 21.503 21.569 -20.137 -20.333 -20.575 -20.509
131033 0.3028 10.2510 0.3255 20.443 19.968 19.751 19.565 -20.536 -21.011 -21.228 -21.414
170349 0.4084 11.1780 0.1650 20.873 19.814 19.423 19.109 -20.865 -21.924 -22.315 -22.629
350513 0.1764 10.9820 0.1235 19.855 18.939 18.483 18.245 -19.798 -20.714 -21.170 -21.408
380479 0.5774 11.7620 0.0415 21.571 20.374 19.630 19.206 -21.067 -22.264 -23.008 -23.432
510266 0.4367 11.8060 0.2430 20.324 18.795 18.390 18.096 -21.586 -23.115 -23.520 -23.814
091538 0.6373 9.1310 0.5620 23.670 23.432 22.897 23.574 -19.228 -19.466 -20.001 -19.324
130373 0.3738 11.3450 0.0695 20.950 19.669 19.148 18.887 -20.561 -21.842 -22.363 -22.624
200170 0.4503 11.1700 0.2830 20.976 19.987 19.564 19.269 -21.013 -22.002 -22.425 -22.720
360193 0.3731 11.2020 0.0755 21.714 20.025 19.447 19.244 -19.793 -21.482 -22.060 -22.263
480788 0.1998 10.9740 0.2775 18.742 18.349 17.991 17.907 -21.212 -21.605 -21.963 -22.047
490488 0.4216 10.0440 0.1275 20.873 20.413 20.287 20.175 -20.947 -21.407 -21.533 -21.645
060141 0.1903 10.7810 0.0800 20.183 19.205 18.839 18.587 -19.653 -20.631 -20.997 -21.249
091719 0.4586 10.8000 0.3445 21.989 21.012 20.478 20.374 -20.048 -21.025 -21.559 -21.663
150019 0.3358 9.3840 0.4310 22.451 22.445 22.094 21.893 -18.788 -18.794 -19.145 -19.346
190049 0.2600 11.2890 0.0165 20.003 18.813 18.359 18.087 -20.596 -21.786 -22.240 -22.512
480791 0.4897 10.6590 0.2925 22.201 21.030 20.764 20.452 -20.006 -21.177 -21.443 -21.755
060157 0.3309 11.0360 0.2675 19.971 19.235 18.902 18.694 -21.231 -21.967 -22.300 -22.508
080546 0.6137 9.8490 0.3705 22.443 21.993 21.721 21.573 -20.356 -20.806 -21.078 -21.226
310095 0.4534 11.1570 0.0100 22.404 21.152 20.529 20.145 -19.603 -20.855 -21.478 -21.862
320492 0.4880 9.3940 0.5110 22.558 22.437 22.145 22.178 -19.640 -19.761 -20.053 -20.020
480794 0.3342 9.8390 0.2390 21.142 20.635 20.584 20.250 -20.085 -20.592 -20.643 -20.977
040662 0.0316 8.5030 0.0530 19.615 19.203 19.030 18.934 -16.094 -16.506 -16.679 -16.775
060169 0.4055 9.6920 0.2755 23.302 22.255 22.038 21.844 -18.417 -19.464 -19.681 -19.875
080554 0.6094 10.7380 0.3250 24.057 22.289 21.812 21.608 -18.723 -20.491 -20.968 -21.172
130391 0.3699 10.3150 0.2740 22.485 21.685 21.318 21.116 -19.000 -19.800 -20.167 -20.369
131086 0.4772 9.7540 0.4015 22.009 21.407 21.377 21.119 -20.131 -20.733 -20.763 -21.021
390604 0.5233 10.2250 0.1160 21.716 20.882 20.661 20.539 -20.664 -21.498 -21.719 -21.841
480265 0.4991 10.9200 0.0655 22.840 21.651 21.105 20.739 -19.416 -20.605 -21.151 -21.517
520133 0.4012 10.5410 0.1690 20.660 19.686 19.560 19.366 -21.032 -22.006 -22.132 -22.326
540046 0.4077 11.0700 0.0650 21.904 20.871 20.276 19.848 -19.829 -20.862 -21.457 -21.885
000014 0.1369 10.5340 0.0855 18.672 18.117 17.760 17.654 -20.378 -20.933 -21.290 -21.396
040693 0.4667 11.0750 0.1740 22.378 20.915 20.407 20.084 -19.704 -21.167 -21.675 -21.998
170400 0.5471 11.4520 0.2930 20.933 20.171 19.638 19.319 -21.563 -22.325 -22.858 -23.177
190062 0.2962 9.4110 0.5365 21.814 21.411 21.423 21.042 -19.110 -19.513 -19.501 -19.882
210027 0.5884 11.6260 0.0360 22.286 21.158 20.354 19.834 -20.402 -21.530 -22.334 -22.854
390040 0.5712 11.4370 0.0850 22.478 21.198 20.336 20.059 -20.132 -21.412 -22.274 -22.551
150570 0.2437 10.3600 0.1475 21.022 20.282 19.922 19.710 -19.417 -20.157 -20.517 -20.729
160106 0.3019 10.2780 0.3030 20.158 19.905 19.565 19.227 -20.813 -21.066 -21.406 -21.744
080646 0.3197 10.7680 0.1200 21.476 20.506 20.093 19.778 -19.639 -20.609 -21.022 -21.337
170409 0.2576 10.3820 0.3100 21.448 20.623 20.328 20.070 -19.128 -19.953 -20.248 -20.506
370307 0.2033 10.9630 0.0165 20.100 18.982 18.584 18.298 -19.896 -21.014 -21.412 -21.698
380075 0.4174 10.0590 0.3285 22.003 21.245 20.962 20.892 -19.791 -20.549 -20.832 -20.902
040780 0.2306 10.9630 0.0810 20.089 19.322 18.844 18.600 -20.214 -20.981 -21.459 -21.703
110038 0.3399 8.9910 0.3740 22.917 22.621 22.696 22.418 -18.353 -18.649 -18.574 -18.852
160126 0.3595 10.9140 0.2685 21.748 20.369 20.051 19.826 -19.664 -21.043 -21.361 -21.586
370308 0.1996 11.2390 0.0215 19.223 18.309 17.804 17.555 -20.728 -21.642 -22.147 -22.396
380077 0.3639 11.3100 0.0370 21.157 20.030 19.471 19.111 -20.286 -21.413 -21.972 -22.332
390061 0.2815 11.2310 0.0050 20.331 19.228 18.674 18.429 -20.465 -21.568 -22.122 -22.367
510305 0.6170 9.5730 0.4360 22.482 22.292 21.956 22.133 -20.331 -20.521 -20.857 -20.680
020194 0.2446 10.9650 0.1330 20.733 19.400 18.988 18.692 -19.715 -21.048 -21.460 -21.756
091739 0.3738 10.7990 0.2920 21.424 20.443 20.124 19.816 -20.087 -21.068 -21.387 -21.695
380079 0.2440 11.3560 0.0290 19.448 18.502 17.990 17.801 -20.994 -21.940 -22.452 -22.641
510318 0.1516 8.2990 0.8475 20.993 20.663 20.257 20.104 -18.298 -18.628 -19.034 -19.187
000031 0.2198 10.7330 0.0775 19.847 19.123 18.752 18.623 -20.339 -21.063 -21.434 -21.563
020198 0.3602 10.0340 0.0325 20.664 20.054 20.048 19.811 -20.753 -21.363 -21.369 -21.606
040782 0.3373 10.1520 0.3145 21.792 21.067 20.892 20.564 -19.458 -20.183 -20.358 -20.686
150053 0.6037 11.2560 0.4485 21.110 20.613 20.186 19.862 -21.645 -22.142 -22.569 -22.893
440201 0.4413 10.6680 0.4010 22.097 21.239 20.896 20.594 -19.840 -20.698 -21.041 -21.343
490561 0.3152 10.4550 0.4510 21.123 20.361 20.252 20.055 -19.957 -20.719 -20.828 -21.025
550119 0.2950 9.7090 0.1740 21.624 20.392 20.061 19.641 -19.289 -20.521 -20.852 -21.272
590002 0.1979 11.2690 0.1010 19.280 18.317 17.746 17.607 -20.651 -21.614 -22.185 -22.324
040783 0.3285 11.2800 0.1860 19.838 19.069 18.542 18.491 -21.346 -22.115 -22.642 -22.693
520155 0.2223 10.0940 0.1280 20.553 19.945 19.710 19.579 -19.661 -20.269 -20.504 -20.635
570083 0.3056 10.7540 0.2995 19.980 19.255 18.978 18.869 -21.022 -21.747 -22.024 -22.133
080735 0.6350 9.4690 0.6930 22.554 22.388 22.597 22.231 -20.335 -20.501 -20.292 -20.658
120553 0.4825 10.5650 0.3940 21.858 21.159 20.951 20.578 -20.310 -21.009 -21.217 -21.590
150059 0.3913 11.6550 0.0395 20.692 19.317 18.737 18.393 -20.936 -22.311 -22.891 -23.235
190094 0.2336 10.9870 0.1045 20.385 19.341 18.915 18.682 -19.950 -20.994 -21.420 -21.653
370328 0.3714 10.7770 0.2575 21.881 20.905 20.347 20.186 -19.614 -20.590 -21.148 -21.309
010024 0.4193 11.4670 0.0250 21.444 20.200 19.583 19.190 -20.361 -21.605 -22.222 -22.615
050003 0.4268 8.3710 54.4030 23.451 25.897 24.408 23.961 -18.400 -15.954 -17.443 -17.890
120554 0.4056 9.2810 0.4295 22.692 22.010 22.227 22.227 -19.028 -19.710 -19.493 -19.493
140092 0.4179 11.0450 0.0525 22.597 20.911 20.339 19.939 -19.200 -20.886 -21.458 -21.858
150063 0.2238 11.0310 0.1430 20.196 19.331 18.608 18.496 -20.034 -20.899 -21.622 -21.734
160156 0.5503 11.6680 0.2100 22.007 20.836 20.006 19.661 -20.505 -21.676 -22.506 -22.851
310141 0.4979 10.8420 0.0525 23.009 21.757 21.186 20.860 -19.241 -20.493 -21.064 -21.390
380085 0.5219 10.5820 0.6025 22.437 21.654 21.657 21.753 -19.936 -20.719 -20.716 -20.620
390627 0.1602 11.2540 0.0205 18.626 17.713 17.244 17.048 -20.797 -21.710 -22.179 -22.375
480844 0.1590 10.8280 0.1015 18.559 17.937 17.574 17.393 -20.846 -21.468 -21.831 -22.012
000038 0.1513 9.1260 0.6075 20.179 19.912 19.750 19.752 -19.107 -19.374 -19.536 -19.534
010026 0.0311 10.2050 0.1075 15.588 15.032 14.794 14.617 -20.086 -20.642 -20.880 -21.057
030005 0.4195 11.2700 0.0185 21.549 20.485 19.906 19.532 -20.258 -21.322 -21.901 -22.275
050004 0.4453 9.1990 0.2065 23.027 22.733 22.432 22.276 -18.934 -19.228 -19.529 -19.685
170457 0.3555 10.8450 0.0600 22.124 20.819 20.326 20.013 -19.260 -20.565 -21.058 -21.371
380087 0.1468 8.6160 0.8440 20.232 20.208 20.013 19.892 -18.983 -19.007 -19.202 -19.323
390629 0.4099 11.0630 0.1500 21.381 20.278 19.811 19.590 -20.366 -21.469 -21.936 -22.157
050005 0.5279 9.6330 0.3455 22.538 22.450 21.980 22.052 -19.865 -19.953 -20.423 -20.351
170465 0.1838 10.8250 0.2430 18.890 18.387 18.094 17.904 -20.862 -21.365 -21.658 -21.848
350583 0.3578 10.8600 0.1120 21.326 20.364 19.953 19.729 -20.074 -21.036 -21.447 -21.671
360285 0.5271 9.2480 0.2825 23.285 22.728 22.669 22.414 -19.114 -19.671 -19.730 -19.985
390124 0.4555 9.3050 0.3455 23.686 22.571 22.632 22.521 -18.333 -19.448 -19.387 -19.498
030007 0.2594 10.0300 0.2790 21.130 20.701 20.423 20.249 -19.463 -19.892 -20.170 -20.344
060238 0.3233 11.4660 0.0365 20.271 19.219 18.685 18.354 -20.872 -21.924 -22.458 -22.789
150604 0.4922 11.2980 0.0590 21.487 20.469 19.968 19.543 -20.733 -21.751 -22.252 -22.677
330016 0.3295 9.2730 0.4745 22.005 21.784 21.902 21.619 -19.186 -19.407 -19.289 -19.572
370332 0.5122 11.1720 0.0495 21.174 20.438 19.943 19.607 -21.150 -21.886 -22.381 -22.717
380092 0.5130 10.7640 0.1390 22.309 21.335 20.991 20.617 -20.019 -20.993 -21.337 -21.711
390640 0.2482 9.1470 0.4480 22.723 22.182 22.188 21.680 -17.761 -18.302 -18.296 -18.804
520171 0.3961 10.4980 0.2600 21.729 20.768 20.388 20.128 -19.930 -20.891 -21.271 -21.531
150607 0.4306 10.3280 0.3565 20.860 20.431 20.090 19.985 -21.014 -21.443 -21.784 -21.889
480315 0.3158 11.2340 0.0695 19.855 19.053 18.659 18.414 -21.229 -22.031 -22.425 -22.670
500001 0.2146 11.0780 0.0525 18.914 18.124 17.653 17.546 -21.214 -22.004 -22.475 -22.582
060249 0.3290 10.9740 0.0850 21.159 20.213 19.748 19.409 -20.028 -20.974 -21.439 -21.778
140107 0.4349 10.5480 0.2995 20.262 19.795 19.505 19.305 -21.638 -22.105 -22.395 -22.595
150132 0.2670 9.5800 0.2950 22.580 21.826 21.678 21.400 -18.085 -18.839 -18.987 -19.265
170520 0.4484 11.3740 0.0680 21.693 20.278 19.680 19.293 -20.285 -21.700 -22.298 -22.685
330023 0.1816 10.6230 0.1275 20.116 19.410 18.993 18.789 -19.607 -20.313 -20.730 -20.934
370335 0.3887 11.5740 0.1225 20.145 19.165 18.702 18.349 -21.466 -22.446 -22.909 -23.262
440229 0.4385 10.9570 0.1190 21.944 20.892 20.377 20.062 -19.977 -21.029 -21.544 -21.859
480316 0.5390 11.2280 0.0470 22.675 21.393 20.633 20.232 -19.782 -21.064 -21.824 -22.225
070955 0.3491 9.5130 0.2715 21.840 21.122 21.433 21.009 -19.497 -20.215 -19.904 -20.328
140112 0.3383 10.9640 0.2220 20.215 19.417 19.089 18.903 -21.043 -21.841 -22.169 -22.355
150141 0.4856 9.7750 0.4950 21.383 21.391 21.236 21.034 -20.802 -20.794 -20.949 -21.151
550154 0.2119 10.5820 0.0815 20.458 19.712 19.351 19.114 -19.639 -20.385 -20.746 -20.983
480863 0.3980 11.1710 0.2415 20.753 19.816 19.299 19.104 -20.919 -21.856 -22.373 -22.568
500328 0.4550 11.0880 0.0655 22.187 20.886 20.268 19.993 -19.829 -21.130 -21.748 -22.023
050017 0.3530 11.1680 0.0710 19.813 18.974 18.680 18.359 -21.553 -22.392 -22.686 -23.007
190142 0.4372 11.1780 0.0460 21.602 20.667 20.073 19.702 -20.311 -21.246 -21.840 -22.211
550176 0.2200 11.0150 0.1300 19.282 18.544 18.150 17.996 -20.906 -21.644 -22.038 -22.192
150170 0.5805 11.2890 0.0295 22.759 21.539 20.787 20.348 -19.893 -21.113 -21.865 -22.304
360346 0.3614 10.7660 0.3210 21.647 20.422 20.050 19.949 -19.778 -21.003 -21.375 -21.476
420159 0.1823 11.3380 0.0810 18.314 17.562 17.150 16.922 -21.418 -22.170 -22.582 -22.810
150181 0.4078 9.3840 0.2790 22.219 21.613 21.832 21.746 -19.515 -20.121 -19.902 -19.988
160183 0.2738 11.6820 0.1030 19.100 17.897 17.513 17.209 -21.627 -22.830 -23.214 -23.518
500009 0.3444 11.5890 0.0225 20.076 18.796 18.282 18.029 -21.227 -22.507 -23.021 -23.274
580005 0.3200 10.7120 0.0115 21.913 20.854 20.376 20.057 -19.205 -20.264 -20.742 -21.061
000077 0.5065 10.7960 0.2925 22.081 21.786 21.192 20.804 -20.214 -20.509 -21.103 -21.491
140124 0.3450 10.0400 0.5275 21.717 21.166 21.066 20.759 -19.591 -20.142 -20.242 -20.549
150185 0.5193 9.4130 0.1575 22.866 22.069 22.163 22.294 -19.494 -20.291 -20.197 -20.066
540110 0.3430 11.3160 0.1010 20.511 19.366 18.916 18.641 -20.782 -21.927 -22.377 -22.652
150186 0.4531 10.2010 0.2205 21.925 21.501 21.081 20.913 -20.080 -20.504 -20.924 -21.092
150652 0.5383 10.4930 0.4915 21.823 21.680 21.304 21.016 -20.631 -20.774 -21.150 -21.438
160197 0.3535 10.1580 0.0870 21.528 20.751 20.555 20.290 -19.841 -20.618 -20.814 -21.079
310205 0.2808 10.9820 0.0105 21.232 20.103 19.602 19.255 -19.558 -20.687 -21.188 -21.535
350630 0.3046 11.1490 0.0525 19.616 18.850 18.520 18.193 -21.378 -22.144 -22.474 -22.801
380138 0.4586 11.2010 0.2860 21.116 20.360 19.837 19.531 -20.921 -21.677 -22.200 -22.506
390185 0.4861 10.1650 0.1005 22.530 21.525 21.108 21.041 -19.658 -20.663 -21.080 -21.147
420171 0.4087 10.2900 0.4695 22.758 21.878 21.630 21.447 -18.982 -19.862 -20.110 -20.293
000080 0.4512 9.6350 0.1110 21.964 21.645 21.338 21.447 -20.031 -20.350 -20.657 -20.548
030068 0.2956 11.4570 0.1025 19.862 18.838 18.362 18.105 -21.056 -22.080 -22.556 -22.813
071007 0.4839 11.0440 0.3115 21.983 21.276 20.700 20.441 -20.193 -20.900 -21.476 -21.735
110426 1.0127 11.0170 0.4090 23.827 22.914 22.156 21.620 -20.307 -21.220 -21.978 -22.514
150195 0.2668 11.1360 0.0535 20.205 19.367 18.884 18.583 -20.458 -21.296 -21.779 -22.080
340347 0.3550 10.0800 0.0820 20.893 20.286 20.182 19.854 -20.487 -21.094 -21.198 -21.526
380145 0.4842 10.6090 0.1450 23.588 22.167 21.500 21.306 -18.590 -20.011 -20.678 -20.872
500016 0.3111 11.0970 0.0515 20.926 19.852 19.289 19.059 -20.121 -21.195 -21.758 -21.988
580010 0.3282 11.3450 0.1580 20.263 19.133 18.701 18.515 -20.918 -22.048 -22.480 -22.666
590038 0.5480 11.2800 0.0820 21.435 20.624 20.046 19.739 -21.066 -21.877 -22.455 -22.762
150196 0.5026 10.7710 0.2105 22.112 20.992 20.588 20.359 -20.163 -21.283 -21.687 -21.916
160200 0.4234 10.8670 0.1495 21.074 20.233 19.861 19.608 -20.756 -21.597 -21.969 -22.222
330049 0.5153 9.1290 58.0180 23.760 22.830 22.601 24.452 -18.580 -19.510 -19.739 -17.888
350637 0.4541 10.4020 0.2360 21.748 20.605 20.425 20.303 -20.263 -21.406 -21.586 -21.708
500018 0.3621 10.7530 0.2495 21.587 20.727 20.103 20.023 -19.843 -20.703 -21.327 -21.407
010074 0.6892 10.5170 0.4165 22.507 21.299 21.055 20.896 -20.599 -21.807 -22.051 -22.210
310219 0.4330 9.7410 0.5325 22.387 21.979 21.750 21.434 -19.501 -19.909 -20.138 -20.454
390229 0.4229 9.5040 0.1735 23.440 22.522 22.285 22.225 -18.387 -19.305 -19.542 -19.602
470232 0.2219 9.7370 0.1780 21.038 20.596 20.366 20.169 -19.171 -19.613 -19.843 -20.040
550197 0.2494 11.4130 0.0050 19.090 18.177 17.767 17.498 -21.406 -22.319 -22.729 -22.998
060321 0.1433 11.2880 0.0705 18.150 17.287 16.859 16.635 -21.008 -21.871 -22.299 -22.523
110429 0.4393 10.0580 0.2065 21.368 20.738 20.590 20.398 -20.558 -21.188 -21.336 -21.528
160206 0.4500 10.6990 0.2215 20.901 20.184 19.873 19.641 -21.087 -21.804 -22.115 -22.347
310220 0.3609 11.0110 0.0215 21.654 20.438 19.910 19.635 -19.768 -20.984 -21.512 -21.787
330051 0.1311 8.9600 0.4380 20.075 19.849 19.745 19.610 -18.873 -19.099 -19.203 -19.338
470233 0.4277 11.3880 0.0175 21.490 20.284 19.688 19.337 -20.367 -21.573 -22.169 -22.520
480371 0.5022 10.6690 0.4430 21.248 20.849 20.670 20.365 -21.025 -21.424 -21.603 -21.908
500369 0.5747 10.0870 0.5395 21.745 21.460 21.089 21.103 -20.881 -21.166 -21.537 -21.523
550200 0.2552 11.0240 0.0975 20.894 19.746 19.282 18.970 -19.659 -20.807 -21.271 -21.583
090037 0.1447 10.1090 0.0395 20.050 19.365 18.961 18.815 -19.131 -19.816 -20.220 -20.366
140152 0.8043 9.6940 0.5095 21.960 21.965 22.174 21.854 -21.557 -21.552 -21.343 -21.663
330052 0.1943 10.0610 0.1725 21.119 20.264 19.938 19.683 -18.767 -19.622 -19.948 -20.203
390236 0.3242 11.2760 0.1015 20.308 19.187 18.728 18.512 -20.842 -21.963 -22.422 -22.638
110431 0.3420 11.4760 0.0505 20.240 19.177 18.710 18.361 -21.045 -22.108 -22.575 -22.924
150210 0.4750 11.0610 0.1085 22.380 21.116 20.393 20.189 -19.748 -21.012 -21.735 -21.939
190215 0.1861 10.8730 0.0080 20.086 19.075 18.610 18.347 -19.696 -20.707 -21.172 -21.435
370374 0.1181 9.9370 0.1040 19.430 18.919 18.680 18.571 -19.272 -19.783 -20.022 -20.131
500389 0.4920 11.6870 0.0925 20.960 20.010 19.310 18.987 -21.259 -22.209 -22.909 -23.232
050078 0.4634 11.1540 0.0720 22.584 21.247 20.407 20.111 -19.480 -20.817 -21.657 -21.953
150212 0.4824 11.5600 0.1320 20.615 19.831 19.285 18.860 -21.553 -22.337 -22.883 -23.308
310238 0.2838 9.9060 0.1565 21.408 20.723 20.570 20.342 -19.409 -20.094 -20.247 -20.475
370376 0.3661 11.3420 0.0460 20.915 19.627 19.159 18.871 -20.543 -21.831 -22.299 -22.587
390259 0.1220 8.7930 0.6675 19.098 18.683 18.544 18.381 -19.681 -20.096 -20.235 -20.398
500394 0.5956 11.3130 0.1470 21.635 20.687 20.140 19.876 -21.085 -22.033 -22.580 -22.844
520232 0.4714 9.6140 0.2565 22.229 21.867 21.597 21.464 -19.879 -20.241 -20.511 -20.644
540132 0.4889 11.2100 0.1100 22.310 21.375 20.711 20.237 -19.893 -20.828 -21.492 -21.966
120637 0.2926 11.0610 0.0265 20.942 19.733 19.151 19.023 -19.951 -21.160 -21.742 -21.870
150217 0.4605 11.6760 0.1270 21.208 19.912 19.276 18.928 -20.839 -22.135 -22.771 -23.119
350047 0.2335 10.4910 0.1235 19.818 19.303 19.014 18.801 -20.516 -21.031 -21.320 -21.533
440285 0.1779 10.6340 0.0625 19.697 19.020 18.650 18.473 -19.977 -20.654 -21.024 -21.201
500396 0.5555 10.3960 0.5495 22.606 21.778 21.615 21.425 -19.930 -20.758 -20.921 -21.111
530302 0.3379 10.2090 0.3650 21.410 20.727 20.582 20.311 -19.845 -20.528 -20.673 -20.944
540134 0.5176 11.5920 0.0740 21.963 20.628 19.864 19.429 -20.388 -21.723 -22.487 -22.922
590062 0.4056 10.2480 0.4350 22.537 22.118 21.657 21.390 -19.183 -19.602 -20.063 -20.330
071113 0.4917 11.3120 0.2810 21.225 20.578 20.035 19.653 -20.993 -21.640 -22.183 -22.565
140164 0.3538 10.0280 0.2515 21.846 21.113 20.738 20.630 -19.525 -20.258 -20.633 -20.741
330061 0.3199 10.4730 0.1420 20.599 19.821 19.624 19.426 -20.518 -21.296 -21.493 -21.691
350049 0.4636 10.9750 0.4910 21.534 20.502 20.475 20.246 -20.531 -21.563 -21.590 -21.819
500025 0.3212 11.3090 0.0235 20.515 19.450 18.910 18.625 -20.612 -21.677 -22.217 -22.502
540138 0.3659 10.9800 0.3175 20.404 19.637 19.368 19.135 -21.053 -21.820 -22.089 -22.322
000095 0.3303 11.0100 0.0065 21.116 20.110 19.657 19.324 -20.081 -21.087 -21.540 -21.873
350050 0.4036 10.5040 0.1815 20.210 19.542 19.354 19.091 -21.497 -22.165 -22.353 -22.616
350714 0.5241 11.2610 0.2495 22.554 21.367 20.214 20.128 -19.830 -21.017 -22.170 -22.256
550223 0.1653 11.3460 0.0680 19.004 17.977 17.613 17.260 -20.493 -21.520 -21.884 -22.237
150221 0.4591 11.1880 0.2235 21.466 20.431 19.960 19.642 -20.574 -21.609 -22.080 -22.398
160225 0.2335 9.7820 0.3150 21.605 21.032 20.844 20.602 -18.729 -19.302 -19.490 -19.732
310271 0.6739 9.6880 0.3120 22.032 21.956 21.897 21.801 -21.014 -21.090 -21.149 -21.245
520252 0.6469 9.9960 0.5630 21.829 21.519 21.282 20.897 -21.109 -21.419 -21.656 -22.041
530306 0.3397 10.1050 0.2045 22.423 21.564 21.198 20.989 -18.845 -19.704 -20.070 -20.279
540142 0.3061 10.1020 0.1430 20.374 19.845 19.778 19.437 -20.632 -21.161 -21.228 -21.569
580024 0.5560 9.9720 0.8625 23.541 22.976 23.458 22.234 -18.998 -19.563 -19.081 -20.305
110464 0.5129 11.4840 0.1755 21.840 20.180 19.784 19.398 -20.488 -22.148 -22.544 -22.930
190228 0.4058 10.2780 0.3450 21.502 20.419 20.464 20.163 -20.219 -21.302 -21.257 -21.558
390283 0.4729 9.2990 0.2370 22.812 22.549 22.212 22.319 -19.304 -19.567 -19.904 -19.797
550226 0.3834 11.0210 0.0120 22.094 20.756 20.149 19.814 -19.482 -20.820 -21.427 -21.762
150709 0.5479 9.7560 0.5575 21.994 21.513 21.452 21.416 -20.506 -20.987 -21.048 -21.084
350073 0.2300 11.4540 0.0705 18.950 18.010 17.602 17.343 -21.347 -22.287 -22.695 -22.954
360414 0.2580 9.1750 0.1890 21.999 21.741 21.572 21.228 -18.581 -18.839 -19.008 -19.352
420259 0.2807 10.8160 0.0410 20.205 19.419 19.099 18.845 -20.584 -21.370 -21.690 -21.944
530001 0.4331 9.9310 0.1880 21.610 20.901 20.725 20.683 -20.279 -20.988 -21.164 -21.206
030216 0.1980 10.7990 0.0940 19.048 18.441 18.040 17.961 -20.884 -21.491 -21.892 -21.971
150226 0.3801 9.8840 0.3200 21.496 20.997 20.854 20.519 -20.058 -20.557 -20.700 -21.035
310308 0.4325 11.3580 0.2540 20.319 19.559 19.031 18.784 -21.566 -22.326 -22.854 -23.101
480409 0.4963 10.6450 0.1070 23.883 22.668 22.089 21.655 -18.359 -19.574 -20.153 -20.587
140177 0.2819 11.4430 0.0100 19.873 18.651 18.127 17.905 -20.927 -22.149 -22.673 -22.895
150234 0.4605 10.7890 0.2780 22.774 21.514 20.973 20.736 -19.273 -20.533 -21.074 -21.311
190234 0.5957 10.5610 0.2400 21.849 21.021 20.643 20.539 -20.871 -21.699 -22.077 -22.181
050172 0.4936 10.3160 0.1925 21.318 20.814 20.447 20.377 -20.910 -21.414 -21.781 -21.851
071245 0.4803 11.5700 0.2195 21.284 20.014 19.386 19.014 -20.873 -22.143 -22.771 -23.143
190237 0.2293 10.8780 0.0820 20.417 19.600 19.119 18.832 -19.873 -20.690 -21.171 -21.458
360440 0.5055 11.1710 0.2005 22.051 20.908 20.108 19.895 -20.239 -21.382 -22.182 -22.395
480025 0.2035 10.3720 0.1020 19.867 19.328 19.031 18.879 -20.131 -20.670 -20.967 -21.119
140181 0.1015 10.3590 0.0625 18.102 17.637 17.367 17.241 -20.248 -20.713 -20.983 -21.109
190241 0.3881 10.0410 0.2635 22.646 21.587 21.207 20.989 -18.961 -20.020 -20.400 -20.618
350080 0.2848 11.2290 0.1220 19.146 18.442 18.091 17.803 -21.679 -22.383 -22.734 -23.022
540163 0.3305 10.3590 0.3260 21.094 20.439 20.148 19.982 -20.105 -20.760 -21.051 -21.217
500039 0.2387 9.2100 0.3905 22.263 21.947 21.675 21.590 -18.125 -18.441 -18.713 -18.798
080012 0.5243 10.9610 0.2910 22.043 21.023 20.684 20.355 -20.342 -21.362 -21.701 -22.030
160262 0.5123 10.6120 0.2320 22.706 21.717 21.287 20.996 -19.619 -20.608 -21.038 -21.329
310332 0.3368 10.9580 0.1960 20.815 19.795 19.497 19.271 -20.432 -21.452 -21.750 -21.976
350083 0.3669 9.7550 0.2360 22.495 21.530 21.468 21.152 -18.969 -19.934 -19.996 -20.312
540172 0.5191 9.7240 0.5035 22.458 21.939 21.826 21.557 -19.901 -20.420 -20.533 -20.802
000150 0.2067 10.7800 0.0945 18.485 17.993 17.703 17.614 -21.551 -22.043 -22.333 -22.422
010178 0.3750 9.5890 0.3345 21.883 21.451 21.382 21.072 -19.636 -20.068 -20.137 -20.447
030263 0.2984 10.1160 0.3105 21.330 20.804 20.523 20.258 -19.612 -20.138 -20.419 -20.684
080015 0.3004 10.1140 0.1615 21.508 20.840 20.579 20.307 -19.451 -20.119 -20.380 -20.652
090107 0.2381 11.6880 0.0310 18.790 17.773 17.285 17.056 -21.592 -22.609 -23.097 -23.326
151005 0.1597 10.0630 0.1285 19.368 19.009 18.768 18.710 -20.047 -20.406 -20.647 -20.705
330083 0.2200 8.7800 1.0115 23.910 23.417 23.116 22.718 -16.278 -16.771 -17.072 -17.470
350091 0.5101 11.5580 0.0795 22.120 20.394 19.731 19.331 -20.193 -21.919 -22.582 -22.982
350771 0.5778 11.4300 0.1150 21.702 20.792 20.204 19.710 -20.938 -21.848 -22.436 -22.930
360465 0.4375 10.8860 0.1290 21.672 20.585 20.069 19.882 -20.243 -21.330 -21.846 -22.033
370428 0.1769 10.1240 0.1135 20.040 19.471 19.198 19.117 -19.620 -20.189 -20.462 -20.543
480925 0.3007 9.2830 0.3655 22.003 21.721 21.568 21.491 -18.958 -19.240 -19.393 -19.470
151033 0.3932 11.4970 0.1450 20.272 19.248 18.805 18.475 -21.369 -22.393 -22.836 -23.166
000156 0.4381 10.8130 0.2190 22.928 21.324 20.956 20.631 -18.990 -20.594 -20.962 -21.287
130650 0.2951 9.6410 0.1575 22.029 21.251 21.203 20.869 -18.885 -19.663 -19.711 -20.045
330089 0.3498 9.6510 0.2135 22.380 21.532 21.466 21.318 -18.963 -19.811 -19.877 -20.025
370435 0.3913 11.3130 0.3095 20.520 19.758 19.258 18.954 -21.108 -21.870 -22.370 -22.674
450311 0.2143 10.2510 0.1945 19.488 19.047 18.816 18.700 -20.636 -21.077 -21.308 -21.424
480930 0.6092 10.0660 0.2065 23.335 22.648 22.061 22.093 -19.444 -20.131 -20.718 -20.686
500048 0.2472 10.7120 0.0125 20.662 19.821 19.361 19.187 -19.812 -20.653 -21.113 -21.287
061191 0.2705 10.0360 0.1275 20.163 19.707 19.705 19.194 -20.534 -20.990 -20.992 -21.503
130651 0.5805 10.5180 0.5965 22.954 22.079 22.269 21.842 -19.698 -20.573 -20.383 -20.810
190260 0.1448 10.8330 0.0465 19.750 18.897 18.398 18.059 -19.432 -20.285 -20.784 -21.123
450312 0.2616 10.7260 0.0620 19.640 19.003 18.698 18.464 -20.974 -21.611 -21.916 -22.150
500049 0.3448 11.5390 0.0530 20.039 18.999 18.407 18.214 -21.267 -22.307 -22.899 -23.092
061192 0.2346 10.5800 0.1800 19.016 18.505 18.304 18.204 -21.330 -21.841 -22.042 -22.142
500484 0.3241 10.2160 0.0615 19.876 19.422 19.358 19.047 -21.274 -21.728 -21.792 -22.103
010191 0.3864 11.5170 0.2220 21.103 19.677 19.276 18.886 -20.493 -21.919 -22.320 -22.710
090128 0.4319 11.3990 0.2260 21.840 20.319 19.818 19.469 -20.042 -21.563 -22.064 -22.413
180127 0.3569 10.8980 0.0170 21.389 20.378 19.904 19.666 -20.005 -21.016 -21.490 -21.728
330101 0.3125 10.5710 0.1740 20.430 19.749 19.480 19.213 -20.628 -21.309 -21.578 -21.845
350131 0.2113 10.1160 0.1190 20.696 20.099 19.841 19.644 -19.394 -19.991 -20.249 -20.446
480042 0.4462 9.5490 0.4665 22.118 21.674 21.699 21.454 -19.848 -20.292 -20.267 -20.512
480945 0.5656 11.3200 0.0585 22.343 21.315 20.616 20.234 -20.241 -21.269 -21.968 -22.350
050209 0.5069 9.9770 0.1930 21.582 21.018 20.809 20.710 -20.715 -21.279 -21.488 -21.587
080048 0.3222 11.4710 0.0595 19.346 18.487 18.085 17.898 -21.789 -22.648 -23.050 -23.237
100083 0.4044 10.9900 0.0090 22.357 21.039 20.407 20.039 -19.356 -20.674 -21.306 -21.674
190267 0.3774 10.9220 0.1900 21.370 20.350 19.943 19.637 -20.166 -21.186 -21.593 -21.899
580104 0.3232 11.5430 0.0160 20.017 18.798 18.256 18.011 -21.126 -22.345 -22.887 -23.132
061197 0.3297 11.1270 0.1935 20.514 19.618 19.224 18.953 -20.679 -21.575 -21.969 -22.240
100090 0.1721 9.9780 0.0980 20.047 19.587 19.299 19.208 -19.547 -20.007 -20.295 -20.386
130684 0.4131 11.1720 0.0995 21.360 20.166 19.737 19.418 -20.407 -21.601 -22.030 -22.349
151069 0.3367 11.2380 0.0200 20.012 19.158 18.770 18.518 -21.234 -22.088 -22.476 -22.728
160285 0.4878 10.1810 0.2665 21.989 21.245 21.008 20.818 -20.208 -20.952 -21.189 -21.379
190268 0.3316 11.4750 0.0855 20.220 19.338 18.545 18.397 -20.987 -21.869 -22.662 -22.810
500067 0.2948 9.4770 0.1905 21.361 21.101 20.971 20.926 -19.551 -19.811 -19.941 -19.986
560075 0.3481 11.0550 0.1245 21.482 20.214 19.759 19.497 -19.848 -21.116 -21.571 -21.833
010196 0.3678 11.1920 0.1555 20.347 19.169 18.856 18.449 -21.123 -22.301 -22.614 -23.021
140210 0.2025 10.6340 0.0900 18.889 18.404 18.071 18.030 -21.097 -21.582 -21.915 -21.956
180135 0.6432 10.7000 0.3205 22.444 21.777 21.311 20.861 -20.479 -21.146 -21.612 -22.062
190269 0.3638 9.9990 0.3400 21.576 20.973 20.791 20.411 -19.866 -20.469 -20.651 -21.031
480058 0.0327 9.7500 0.1400 16.464 16.134 15.914 15.797 -19.321 -19.651 -19.871 -19.988
100101 0.4288 11.5780 0.2400 20.608 19.646 19.101 18.738 -21.255 -22.217 -22.762 -23.125
180157 0.4941 10.6860 0.2775 21.848 20.873 20.591 20.349 -20.382 -21.357 -21.639 -21.881
350869 0.3824 9.0470 0.4490 22.771 22.659 22.729 22.245 -18.798 -18.910 -18.840 -19.324
370473 0.5909 10.1900 0.1525 21.956 21.025 20.606 20.883 -20.743 -21.674 -22.093 -21.816
400042 0.2632 11.2590 0.0440 20.063 19.045 18.567 18.295 -20.566 -21.584 -22.062 -22.334
450344 0.2463 10.1710 0.1340 20.354 19.822 19.573 19.344 -20.111 -20.643 -20.892 -21.121
010203 0.0867 10.3840 0.0090 17.882 17.217 16.896 16.713 -20.104 -20.769 -21.090 -21.273
050251 0.3872 11.4010 0.1125 20.638 19.592 19.099 18.783 -20.963 -22.009 -22.502 -22.818
110710 0.6960 10.8880 0.4710 20.739 20.634 20.078 19.784 -22.393 -22.498 -23.054 -23.348
140214 0.3373 11.1040 0.1375 20.238 19.511 19.098 18.858 -21.012 -21.739 -22.152 -22.392
150273 0.4577 11.3680 0.0465 22.112 20.695 20.038 19.692 -19.920 -21.337 -21.994 -22.340
180166 0.1475 10.8800 0.0915 18.929 18.069 17.691 17.509 -20.297 -21.157 -21.535 -21.717
480464 0.2212 10.9170 0.1190 19.815 19.014 18.569 18.447 -20.387 -21.188 -21.633 -21.755
530052 0.6644 10.6610 0.2140 20.635 20.273 19.831 19.695 -22.373 -22.735 -23.177 -23.313
010204 0.4760 10.5190 0.3150 21.251 20.476 20.194 19.997 -20.882 -21.657 -21.939 -22.136
140215 0.2256 11.1720 0.0290 20.045 19.032 18.535 18.279 -20.205 -21.218 -21.715 -21.971
151121 0.4853 10.2890 0.3255 22.136 22.117 21.545 21.329 -20.048 -20.067 -20.639 -20.855
480064 0.2429 8.8670 0.2585 22.615 22.403 22.117 22.062 -17.816 -18.028 -18.314 -18.369
090196 0.3305 10.7460 0.1965 20.264 19.565 19.297 18.991 -20.935 -21.634 -21.902 -22.208
150276 0.2121 10.6760 0.1365 20.308 19.596 19.184 18.936 -19.791 -20.503 -20.915 -21.163
420352 0.4034 9.1850 0.6170 22.209 22.327 22.604 21.921 -19.497 -19.379 -19.102 -19.785
480065 0.4423 11.0030 0.2495 21.066 19.982 19.657 19.419 -20.877 -21.961 -22.286 -22.524
490007 0.0550 9.7610 0.1390 17.684 17.330 17.063 16.965 -19.265 -19.619 -19.886 -19.984
580122 0.4641 8.9840 0.7565 23.592 22.806 23.341 22.427 -18.476 -19.262 -18.727 -19.641
120706 0.3283 11.4290 0.0490 20.218 19.147 18.602 18.415 -20.964 -22.035 -22.580 -22.767
140221 0.3596 10.3580 0.3560 21.706 21.246 20.918 20.540 -19.707 -20.167 -20.495 -20.873
330128 0.3220 10.8120 0.1375 20.987 20.158 19.780 19.480 -20.146 -20.975 -21.353 -21.653
490008 0.1189 9.4300 0.7260 19.965 19.569 19.390 19.333 -18.753 -19.149 -19.328 -19.385
050291 0.3253 11.1690 0.2610 20.067 19.275 18.961 18.698 -21.092 -21.884 -22.198 -22.461
070003 0.1376 9.7220 0.0975 19.188 18.814 18.628 18.543 -19.874 -20.248 -20.434 -20.519
110719 0.5812 11.3480 0.2345 21.515 21.068 20.505 20.197 -21.140 -21.587 -22.150 -22.458
190297 0.4808 10.9230 0.1945 22.515 21.596 21.077 20.723 -19.644 -20.563 -21.082 -21.436
490015 0.2823 10.5500 0.1500 20.355 19.686 19.378 19.157 -20.449 -21.118 -21.426 -21.647
110721 0.5773 11.8470 0.5800 21.902 20.790 20.222 19.708 -20.735 -21.847 -22.415 -22.929
120715 0.2642 11.3650 0.1325 18.805 17.996 17.699 17.406 -21.834 -22.643 -22.940 -23.233
500078 0.3560 10.7190 0.0095 22.303 21.197 20.633 20.321 -19.084 -20.190 -20.754 -21.066
440474 0.2845 10.3590 0.2205 20.898 20.158 19.956 19.634 -19.925 -20.665 -20.867 -21.189
500511 0.3341 9.6330 0.5605 22.101 21.281 21.397 21.177 -19.125 -19.945 -19.829 -20.049
540221 0.2097 10.0550 0.1550 20.305 19.856 19.563 19.417 -19.766 -20.215 -20.508 -20.654
590177 0.3311 10.3300 0.0755 21.293 20.484 20.236 20.001 -19.911 -20.720 -20.968 -21.203
000200 0.4306 11.4990 0.0655 21.408 20.038 19.286 19.020 -20.466 -21.836 -22.588 -22.854
040139 0.2670 10.2240 0.2805 20.462 19.780 19.668 19.516 -20.203 -20.885 -20.997 -21.149
050296 0.3508 10.9050 0.0705 21.942 20.823 20.301 20.021 -19.408 -20.527 -21.049 -21.329
090227 0.5491 9.8270 0.5145 23.029 22.793 22.452 21.958 -19.477 -19.713 -20.054 -20.548
180213 0.5196 10.0290 0.5825 23.274 22.339 22.472 21.734 -19.087 -20.022 -19.889 -20.627
480080 0.2411 10.6010 0.1995 20.395 19.477 19.239 18.985 -20.018 -20.936 -21.174 -21.428
510641 0.4785 11.1180 0.0580 22.247 20.950 20.371 20.061 -19.900 -21.197 -21.776 -22.086
590194 0.0896 10.6340 0.1085 18.355 17.694 17.281 17.073 -19.706 -20.367 -20.780 -20.988
110726 0.5441 10.6530 0.2025 21.465 20.705 20.323 20.132 -21.017 -21.777 -22.159 -22.350
140229 0.4340 9.8820 0.2450 21.204 20.690 20.518 21.161 -20.690 -21.204 -21.376 -20.733
530500 0.2727 9.4090 0.1905 22.853 21.983 21.975 21.191 -17.864 -18.734 -18.742 -19.526
540227 0.5586 10.7070 0.6175 22.297 21.510 21.421 20.530 -20.254 -21.041 -21.130 -22.021
010218 0.5755 9.7370 0.1515 22.326 21.765 21.500 21.471 -20.303 -20.864 -21.129 -21.158
050298 0.5223 10.8600 0.3185 21.414 20.756 20.411 20.011 -20.961 -21.619 -21.964 -22.364
080087 0.3439 10.7330 0.0450 22.178 20.915 20.398 20.169 -19.121 -20.384 -20.901 -21.130
100163 0.3188 10.4340 0.2885 22.107 21.311 21.266 21.018 -19.001 -19.797 -19.842 -20.090
140234 0.4981 10.7550 0.2985 22.114 21.303 20.806 20.587 -20.137 -20.948 -21.445 -21.664
180225 0.7522 10.0080 0.8325 20.750 21.999 21.205 21.126 -22.588 -21.339 -22.133 -22.212
350181 0.4232 10.8320 0.0750 22.948 21.365 20.798 20.466 -18.881 -20.464 -21.031 -21.363
540228 0.4646 10.0400 0.4730 21.333 21.011 20.808 20.544 -20.737 -21.059 -21.262 -21.526
000210 0.6104 10.7060 0.2885 21.939 21.448 20.943 20.654 -20.845 -21.336 -21.841 -22.130
010222 0.4074 10.1640 0.3010 21.142 20.526 20.339 20.177 -20.589 -21.205 -21.392 -21.554
040147 0.2433 10.4590 0.1480 21.357 20.712 20.349 20.113 -19.078 -19.723 -20.086 -20.322
070054 0.4467 11.8350 0.0100 20.672 19.449 18.814 18.404 -21.297 -22.520 -23.155 -23.565
100164 0.4057 10.6120 0.3020 21.680 20.976 20.522 20.232 -20.041 -20.745 -21.199 -21.489
140240 0.4660 8.9690 0.7230 23.310 22.899 23.464 22.774 -18.768 -19.179 -18.614 -19.304
480091 0.2476 10.4800 0.1205 19.574 19.070 18.808 18.640 -20.904 -21.408 -21.670 -21.838
500085 0.3975 11.4760 0.0050 20.215 19.209 18.732 18.429 -21.453 -22.459 -22.936 -23.239
530502 0.4620 10.2040 0.1955 20.951 20.485 19.918 20.223 -21.105 -21.571 -22.138 -21.833
050303 0.3282 11.2480 0.1060 20.174 19.293 18.893 18.591 -21.007 -21.888 -22.288 -22.590
360043 0.5000 10.6950 0.3955 20.663 19.873 19.779 19.516 -21.598 -22.388 -22.482 -22.745
420407 0.2466 10.5040 0.2500 20.769 20.162 19.753 19.478 -19.699 -20.306 -20.715 -20.990
490037 0.4219 11.4170 0.1905 19.679 18.715 18.243 18.104 -22.142 -23.106 -23.578 -23.717
010230 0.3025 10.3950 0.1565 21.879 20.981 20.644 20.315 -19.097 -19.995 -20.332 -20.661
040151 0.2554 11.2070 0.0150 20.270 19.065 18.575 18.339 -20.285 -21.490 -21.980 -22.216
070071 0.3688 11.7160 0.1690 20.071 18.757 18.321 18.038 -21.406 -22.720 -23.156 -23.439
110734 0.4013 11.4040 0.0200 21.290 19.769 19.191 18.895 -20.403 -21.924 -22.502 -22.798
180255 0.4596 9.7590 0.3375 22.475 22.039 21.729 21.505 -19.567 -20.003 -20.313 -20.537
380287 0.3482 10.8030 0.2815 21.347 20.514 20.154 19.804 -19.984 -20.817 -21.177 -21.527
460019 0.3845 9.7780 0.5030 21.593 20.373 20.945 20.363 -19.990 -21.210 -20.638 -21.220
510653 0.3515 9.3200 0.1965 22.408 21.808 21.804 21.584 -18.947 -19.547 -19.551 -19.771
480103 0.4146 10.1700 0.5545 21.229 20.528 20.370 20.605 -20.547 -21.248 -21.406 -21.171
070096 0.3927 11.3560 0.0815 21.324 20.057 19.544 19.177 -20.313 -21.580 -22.093 -22.460
170044 0.4818 10.4720 0.6645 21.086 20.601 20.454 20.410 -21.079 -21.564 -21.711 -21.755
400103 0.3395 9.6690 0.1895 21.317 20.784 20.894 20.755 -19.950 -20.483 -20.373 -20.512
420417 0.3626 10.9340 0.0680 22.634 21.003 20.472 20.086 -18.800 -20.431 -20.962 -21.348
500091 0.3392 10.2970 0.3270 20.895 20.681 20.309 20.029 -20.370 -20.584 -20.956 -21.236
540242 0.4052 10.8710 0.2335 20.828 19.901 19.513 19.248 -20.890 -21.817 -22.205 -22.470
560120 0.3876 10.9430 0.3265 21.650 20.387 20.030 19.784 -19.954 -21.217 -21.574 -21.820
040163 0.4151 9.8220 0.6320 21.322 20.718 21.121 20.637 -20.458 -21.062 -20.659 -21.143
070110 0.2799 10.8750 0.4735 20.772 20.024 19.734 19.421 -20.010 -20.758 -21.048 -21.361
130755 0.2930 8.9520 0.5110 21.877 21.692 21.683 21.220 -19.019 -19.204 -19.213 -19.676
190364 0.7614 9.9660 0.7970 21.526 21.610 21.505 21.320 -21.845 -21.761 -21.866 -22.051
360052 0.3136 11.6340 0.0230 19.668 18.473 17.894 17.735 -21.399 -22.594 -23.173 -23.332
360688 0.4743 11.1650 0.2080 20.710 19.820 19.411 19.183 -21.414 -22.304 -22.713 -22.941
400106 0.5087 11.5500 0.0380 21.912 20.702 19.899 19.507 -20.394 -21.604 -22.407 -22.799
000227 0.4969 9.1010 0.1780 23.942 23.460 23.095 23.073 -18.303 -18.785 -19.150 -19.172
070111 0.3534 10.2030 0.1950 21.902 20.911 20.715 20.472 -19.467 -20.458 -20.654 -20.897
140276 0.2490 11.3430 0.0360 19.774 18.692 18.257 17.997 -20.718 -21.800 -22.235 -22.495
350213 0.6100 11.5690 0.3480 21.290 20.364 19.756 19.449 -21.493 -22.419 -23.027 -23.334
370522 0.4097 10.5410 0.5045 21.652 21.279 20.843 20.811 -20.094 -20.467 -20.903 -20.935
530081 0.3291 10.3220 0.1605 20.364 19.730 19.639 19.387 -20.824 -21.458 -21.549 -21.801
120039 0.3241 10.7520 0.3410 21.349 20.653 20.431 20.255 -19.801 -20.497 -20.719 -20.895
130758 0.3030 9.2170 0.5245 21.942 21.691 21.889 21.779 -19.038 -19.289 -19.091 -19.201
360701 0.4264 10.7390 0.2755 20.592 19.868 19.701 19.422 -21.257 -21.981 -22.148 -22.427
370528 0.4071 10.7720 0.2700 20.640 19.871 19.466 19.253 -21.090 -21.859 -22.264 -22.477
400113 0.3172 11.6680 0.0595 19.605 18.402 17.902 17.804 -21.490 -22.693 -23.193 -23.291
440531 0.5236 11.6800 0.1990 21.657 20.601 20.002 19.222 -20.725 -21.781 -22.380 -23.160
480560 0.3343 9.9440 0.2405 20.876 20.411 20.336 20.021 -20.352 -20.817 -20.892 -21.207
530082 0.4719 9.9110 0.4150 22.645 22.172 21.916 21.636 -19.466 -19.939 -20.195 -20.475
040168 0.2058 10.8980 0.0835 19.671 18.908 18.499 18.304 -20.355 -21.118 -21.527 -21.722
350219 0.3459 9.6420 0.3265 22.814 22.372 22.018 21.807 -18.500 -18.942 -19.296 -19.507
360060 0.4367 11.3940 0.0260 21.500 20.081 19.429 19.091 -20.410 -21.829 -22.481 -22.819
360704 0.2327 9.2820 0.1105 21.430 21.107 21.061 20.869 -18.896 -19.219 -19.265 -19.457
420435 0.3186 11.0160 0.0445 21.327 20.169 19.730 19.399 -19.780 -20.938 -21.377 -21.708
590248 0.3107 10.8560 0.1150 19.956 19.192 18.898 18.648 -21.087 -21.851 -22.145 -22.395
490156 0.2193 9.6370 0.2325 22.575 21.924 21.445 21.388 -17.605 -18.256 -18.735 -18.792
530540 0.2348 10.2290 0.1920 20.144 19.598 19.337 19.226 -20.204 -20.750 -21.011 -21.122
000236 0.1953 10.9020 0.0505 19.270 18.602 18.165 17.986 -20.629 -21.297 -21.734 -21.913
040170 0.1891 11.4490 0.0465 18.812 17.836 17.389 17.133 -21.009 -21.985 -22.432 -22.688
140286 0.1954 8.9620 0.2010 21.707 21.657 21.521 21.709 -18.193 -18.243 -18.379 -18.191
150365 0.3381 11.2650 0.0205 20.478 19.419 18.968 18.684 -20.778 -21.837 -22.288 -22.572
360067 0.5930 11.7740 0.0790 21.596 20.374 19.681 19.302 -21.112 -22.334 -23.027 -23.406
380318 0.3362 11.4430 0.0490 20.044 19.010 18.507 18.253 -21.198 -22.232 -22.735 -22.989
490181 0.4983 10.6940 0.4295 22.242 21.474 21.177 20.764 -20.010 -20.778 -21.075 -21.488
500099 0.4198 11.8290 0.1145 21.082 19.526 18.848 18.511 -20.727 -22.283 -22.961 -23.298
530542 0.2486 10.4570 0.4195 20.964 20.807 20.708 20.514 -19.524 -19.681 -19.780 -19.974
480126 0.3190 10.8390 0.0660 20.607 19.769 19.398 19.128 -20.503 -21.341 -21.712 -21.982
530086 0.0521 10.4750 0.0950 16.885 16.132 15.706 15.447 -19.942 -20.695 -21.121 -21.380
040176 0.3470 10.9920 0.0530 21.065 20.008 19.619 19.355 -20.257 -21.314 -21.703 -21.967
150379 0.2088 10.5870 0.0610 20.915 20.010 19.585 19.285 -19.146 -20.051 -20.476 -20.776
360735 0.4290 11.2570 0.1455 21.389 20.297 19.590 19.436 -20.475 -21.567 -22.274 -22.428
390442 0.3860 10.9790 0.0160 22.094 20.697 20.165 19.872 -19.499 -20.896 -21.428 -21.721
520011 0.2818 11.2590 0.1080 19.136 18.419 18.024 17.784 -21.663 -22.380 -22.775 -23.015
370542 0.5575 11.3630 0.1735 21.227 20.158 19.494 19.223 -21.319 -22.388 -23.052 -23.323
460054 0.3344 11.6390 0.0360 19.932 18.660 18.162 17.820 -21.297 -22.569 -23.067 -23.409
480128 0.3479 11.3510 0.0140 21.058 19.673 19.126 18.800 -20.271 -21.656 -22.203 -22.529
490191 0.3529 10.3110 0.1740 21.766 21.168 20.809 20.494 -19.599 -20.197 -20.556 -20.871
500102 0.2351 10.1340 0.2195 20.003 19.607 19.291 19.283 -20.348 -20.744 -21.060 -21.068
530089 0.4763 10.1420 0.1420 21.270 20.689 20.408 20.396 -20.865 -21.446 -21.727 -21.739
070175 0.5481 11.3730 0.0705 22.246 20.995 20.221 19.872 -20.255 -21.506 -22.280 -22.629
140299 0.1414 8.9180 0.2005 21.475 20.940 20.837 20.741 -17.651 -18.186 -18.289 -18.385
350235 0.2633 10.1270 0.2855 20.478 19.914 19.770 19.530 -20.152 -20.716 -20.860 -21.100
520015 0.2664 11.0900 0.4680 19.315 18.804 18.581 18.324 -21.344 -21.855 -22.078 -22.335
040198 0.2483 9.5410 0.4085 21.815 21.186 21.150 20.751 -18.670 -19.299 -19.335 -19.734
050607 0.4387 9.4580 0.2300 22.246 21.968 21.788 21.727 -19.676 -19.954 -20.134 -20.195
520016 0.4473 10.0110 0.3850 22.124 21.238 21.079 21.027 -19.848 -20.734 -20.893 -20.945
050617 0.3784 10.7080 0.2225 20.215 19.345 19.047 18.758 -21.327 -22.197 -22.495 -22.784
130056 0.1698 9.5710 0.2170 21.512 20.998 20.757 20.572 -18.050 -18.564 -18.805 -18.990
130798 0.2886 10.8890 0.0245 21.286 20.192 19.674 19.375 -19.573 -20.667 -21.185 -21.484
510122 0.3552 11.0030 0.0800 21.952 20.329 19.918 19.704 -19.429 -21.052 -21.463 -21.677
000260 0.5604 11.5680 0.0675 22.137 20.897 20.074 19.742 -20.422 -21.662 -22.485 -22.817
070194 0.4759 11.4840 0.3020 20.169 19.296 18.958 18.644 -21.964 -22.837 -23.175 -23.489
120111 0.4266 9.3160 0.1255 23.400 22.558 22.249 22.386 -18.450 -19.292 -19.601 -19.464
170118 0.3650 10.5020 0.5145 20.773 20.382 20.045 19.951 -20.678 -21.069 -21.406 -21.500
360106 0.3707 11.2760 0.0880 21.139 20.245 19.629 19.275 -20.351 -21.245 -21.861 -22.215
370563 0.1843 10.8590 0.0765 19.166 18.438 17.922 17.812 -20.593 -21.321 -21.837 -21.947
520019 0.2627 11.2660 0.0980 19.023 18.199 17.897 17.628 -21.602 -22.426 -22.728 -22.997
560150 0.2005 11.4580 0.0555 18.987 17.897 17.461 17.176 -20.975 -22.065 -22.501 -22.786
070200 0.4370 11.5620 0.2505 19.461 18.527 18.117 17.867 -22.451 -23.385 -23.795 -24.045
080238 0.7016 9.8020 0.2240 24.269 23.376 22.940 22.329 -18.884 -19.777 -20.213 -20.824
090454 0.6674 11.6650 0.0415 22.308 21.279 20.203 19.898 -20.712 -21.741 -22.817 -23.122
370034 0.3709 9.3930 0.2965 22.320 21.536 21.454 21.520 -19.171 -19.955 -20.037 -19.971
460063 0.1757 10.0230 0.1080 20.025 19.529 19.285 19.169 -19.619 -20.115 -20.359 -20.475
490199 0.6028 11.6750 0.0585 22.056 20.929 20.061 19.719 -20.695 -21.822 -22.690 -23.032
530585 0.4214 11.1340 0.0585 21.259 20.238 19.820 19.455 -20.559 -21.580 -21.998 -22.363
050625 0.3328 11.1580 0.0425 21.007 19.872 19.405 19.101 -20.209 -21.344 -21.811 -22.115
151794 0.3448 11.1900 0.0505 21.261 19.899 19.407 19.081 -20.045 -21.407 -21.899 -22.225
180329 0.4250 10.5550 0.2565 20.938 20.227 19.952 19.751 -20.902 -21.613 -21.888 -22.089
390471 0.2925 10.5040 0.2215 20.404 19.810 19.493 19.324 -20.488 -21.082 -21.399 -21.568
490203 0.2636 11.4030 0.0160 19.813 18.593 18.086 17.814 -20.820 -22.040 -22.547 -22.819
510129 0.4325 11.3720 0.2440 21.143 19.939 19.472 19.141 -20.742 -21.946 -22.413 -22.744
520021 0.4088 10.4440 0.3040 21.974 21.232 20.831 20.511 -19.766 -20.508 -20.909 -21.229
040313 0.2651 9.7910 0.1055 21.012 20.429 20.406 20.003 -19.635 -20.218 -20.241 -20.644
180344 0.4107 10.1660 0.3090 21.545 21.013 20.715 20.457 -20.207 -20.739 -21.037 -21.295
340014 0.2837 11.1970 0.1155 19.780 18.843 18.548 18.046 -21.036 -21.973 -22.268 -22.770
350288 0.5729 9.4450 0.6465 23.648 22.652 22.632 22.663 -18.969 -19.965 -19.985 -19.954
380358 0.5305 10.7020 0.3360 21.921 20.388 20.259 20.050 -20.495 -22.028 -22.157 -22.366
080252 0.5125 9.5150 0.2110 22.513 22.157 21.787 22.014 -19.813 -20.169 -20.539 -20.312
170178 0.2411 10.7790 0.1070 20.541 19.503 19.065 18.886 -19.872 -20.910 -21.348 -21.527
360112 0.1800 9.3810 0.2180 21.184 20.761 20.648 20.446 -18.518 -18.941 -19.054 -19.256
390476 0.5856 11.6780 0.1620 21.443 20.863 19.895 19.604 -21.232 -21.812 -22.780 -23.071
160016 0.3346 10.5760 0.2535 21.140 20.520 20.182 19.792 -20.090 -20.710 -21.048 -21.438
180372 0.3492 9.6180 0.1385 21.348 21.064 21.019 20.839 -19.990 -20.274 -20.319 -20.499
390479 0.5261 11.3600 0.0560 22.818 22.022 20.980 20.463 -19.576 -20.372 -21.414 -21.931
500120 0.5758 10.2250 0.3935 22.254 21.938 21.507 21.385 -20.377 -20.693 -21.124 -21.246
530105 0.5137 10.4140 0.3190 22.511 21.527 21.348 21.010 -19.821 -20.805 -20.984 -21.322
140320 0.4036 9.9180 0.1235 21.244 20.715 20.520 20.330 -20.463 -20.992 -21.187 -21.377
370075 0.3002 9.6580 0.2480 21.369 20.928 20.839 20.507 -19.588 -20.029 -20.118 -20.450
380378 0.2708 10.3640 0.3175 20.304 19.578 19.798 18.986 -20.396 -21.122 -20.902 -21.714
480635 0.5159 9.2380 0.4605 24.652 23.224 23.133 22.878 -17.691 -19.119 -19.210 -19.465
530107 0.3129 10.3080 0.2470 21.483 20.894 20.581 20.280 -19.578 -20.167 -20.480 -20.781
140325 0.4837 11.4330 0.0135 21.264 20.291 19.617 19.202 -20.911 -21.884 -22.558 -22.973
200058 0.5017 9.3950 0.6725 23.194 22.073 22.410 22.044 -19.076 -20.197 -19.860 -20.226
320180 0.3537 10.6370 0.1125 22.244 21.158 20.649 20.429 -19.127 -20.213 -20.722 -20.942
380379 0.2826 11.6370 0.0630 19.268 18.204 17.691 17.504 -21.538 -22.602 -23.115 -23.302
390485 0.3915 11.4020 0.1160 21.382 20.054 19.495 19.199 -20.247 -21.575 -22.134 -22.430
540291 0.3776 10.4990 0.2650 21.824 20.988 20.610 20.353 -19.713 -20.549 -20.927 -21.184
020026 0.3199 10.8240 0.0410 21.287 20.224 19.801 19.602 -19.830 -20.893 -21.316 -21.515
400202 0.3801 9.5430 0.3800 22.920 21.929 22.074 21.296 -18.634 -19.625 -19.480 -20.258
440616 0.2837 11.1480 0.0350 20.156 19.272 18.832 18.537 -20.660 -21.544 -21.984 -22.279
530112 0.3157 10.6780 0.1275 20.449 19.681 19.382 19.121 -20.634 -21.402 -21.701 -21.962
000345 0.3422 11.4440 0.3930 19.575 18.633 17.883 18.138 -21.712 -22.654 -23.404 -23.149
050665 0.5879 11.6360 0.2105 21.447 20.052 19.462 19.183 -21.238 -22.633 -23.223 -23.502
130145 0.6047 10.0830 0.4105 21.448 21.064 20.853 20.739 -21.312 -21.696 -21.907 -22.021
160021 0.2760 9.8700 0.1320 20.748 20.337 20.166 19.930 -19.999 -20.410 -20.581 -20.817
380381 0.3551 9.9580 0.2565 22.307 21.793 21.492 21.104 -19.074 -19.588 -19.889 -20.277
400204 0.4535 11.3270 0.0120 21.444 20.369 19.686 19.326 -20.564 -21.639 -22.322 -22.682
460082 0.3318 11.0320 0.0855 21.569 20.497 19.993 19.648 -19.640 -20.712 -21.216 -21.561
480643 0.3938 9.3660 0.5775 23.873 23.122 22.847 22.784 -17.771 -18.522 -18.797 -18.860
500138 0.0479 7.6770 0.9705 22.627 21.953 22.119 21.421 -14.011 -14.685 -14.519 -15.217
520041 0.5443 10.6720 0.4405 22.467 21.779 21.346 21.063 -20.016 -20.704 -21.137 -21.420
530115 0.3016 11.7550 0.0510 19.580 18.297 17.736 17.420 -21.389 -22.672 -23.233 -23.549
580263 0.3532 10.4060 0.2790 22.140 21.311 20.874 20.858 -19.227 -20.056 -20.493 -20.509
000349 0.4812 11.1980 0.2760 21.967 20.742 20.140 19.837 -20.194 -21.419 -22.021 -22.324
090551 0.4158 11.1420 0.0675 22.408 20.758 20.088 19.761 -19.376 -21.026 -21.696 -22.023
130150 0.2100 11.3300 0.0810 18.503 17.710 17.300 17.081 -21.572 -22.365 -22.775 -22.994
200080 0.4859 10.9450 0.4310 21.766 20.874 20.533 20.174 -20.421 -21.313 -21.654 -22.013
370096 0.4722 9.2460 0.2450 22.933 22.561 22.474 22.277 -19.179 -19.551 -19.638 -19.835
390505 0.3890 9.9410 0.3650 22.325 21.805 21.437 21.274 -19.288 -19.808 -20.176 -20.339
480644 0.3525 10.9710 0.1690 21.130 20.150 19.805 19.457 -20.232 -21.212 -21.557 -21.905
580264 0.1766 9.3890 0.1460 21.710 21.068 20.920 20.811 -17.946 -18.588 -18.736 -18.845
040377 0.3515 9.7500 0.4670 20.949 20.823 20.734 20.439 -20.406 -20.532 -20.621 -20.916
050669 0.3928 11.5790 0.0350 20.649 19.151 18.658 18.379 -20.989 -22.487 -22.980 -23.259
070293 0.3353 11.8250 0.0655 19.580 18.197 17.724 17.502 -21.655 -23.038 -23.511 -23.733
360125 0.2999 10.7180 0.1220 21.528 20.545 20.141 19.818 -19.427 -20.410 -20.814 -21.137
160028 0.1354 11.0470 0.0305 18.188 17.543 17.176 16.954 -20.836 -21.481 -21.848 -22.070
180424 0.3830 11.0490 0.1615 21.164 20.413 19.897 19.331 -20.409 -21.160 -21.676 -22.242
510167 0.4184 11.4080 0.1125 21.093 19.901 19.304 19.001 -20.707 -21.899 -22.496 -22.799
520054 0.4209 9.8790 0.2195 22.880 22.059 21.609 21.588 -18.935 -19.756 -20.206 -20.227
530621 0.3309 10.2760 0.1615 21.005 20.322 20.104 19.907 -20.197 -20.880 -21.098 -21.295
580268 0.4311 11.5780 0.1500 20.623 19.653 19.112 18.818 -21.254 -22.224 -22.765 -23.059
020033 0.5293 11.7370 0.0125 20.518 19.679 19.026 18.695 -21.892 -22.731 -23.384 -23.715
080295 0.6245 9.8160 0.6550 23.009 21.834 21.896 21.914 -19.836 -21.011 -20.949 -20.931
350335 0.3489 10.6140 0.2240 22.356 21.007 20.717 20.323 -18.980 -20.329 -20.619 -21.013
020034 0.1984 11.0370 0.0485 19.169 18.439 18.058 17.848 -20.768 -21.498 -21.879 -22.089
051109 0.2302 9.8740 0.2655 20.194 19.676 19.636 19.539 -20.105 -20.623 -20.663 -20.760
080296 0.5009 11.7440 0.3035 20.401 19.375 18.873 18.593 -21.865 -22.891 -23.393 -23.673
350342 0.5192 11.1490 0.2755 21.114 20.169 19.826 19.503 -21.245 -22.190 -22.533 -22.856
480180 0.4246 10.8720 0.1310 20.963 20.102 19.750 19.555 -20.875 -21.736 -22.088 -22.283
520058 0.4603 10.1600 0.4460 23.315 22.266 22.072 21.751 -18.731 -19.780 -19.974 -20.295
580270 0.2941 9.8510 0.1865 21.677 20.763 20.824 20.597 -19.229 -20.143 -20.082 -20.309
310024 0.1801 10.1520 0.3255 21.006 20.427 20.098 19.881 -18.697 -19.276 -19.605 -19.822
510175 0.3598 9.9440 0.3725 20.969 20.503 20.466 20.140 -20.445 -20.911 -20.948 -21.274
520059 0.4583 10.7850 0.1875 21.824 21.171 20.501 20.326 -20.211 -20.864 -21.534 -21.709
530630 0.3631 11.0400 0.1575 20.487 19.482 19.156 18.877 -20.950 -21.955 -22.281 -22.560
090746 0.2189 11.2750 0.0990 18.945 18.174 17.753 17.561 -21.231 -22.002 -22.423 -22.615
310025 0.1576 10.0940 0.1820 20.115 19.523 19.330 19.127 -19.269 -19.861 -20.054 -20.257
520061 0.5230 11.4520 0.0155 21.996 20.804 20.110 19.756 -20.383 -21.575 -22.269 -22.623
020047 0.2650 10.5280 0.1500 21.266 20.525 20.105 19.798 -19.380 -20.121 -20.541 -20.848
150457 0.3027 11.4540 0.0195 19.714 18.721 18.297 17.978 -21.264 -22.257 -22.681 -23.000
070402 0.3165 10.9490 0.1090 20.683 19.730 19.339 18.984 -20.407 -21.360 -21.751 -22.106
100417 0.4822 10.7250 0.3170 22.207 21.278 20.938 20.614 -19.960 -20.889 -21.229 -21.553
360136 0.3865 10.1550 0.1740 20.606 20.010 19.888 19.687 -20.991 -21.587 -21.709 -21.910
370610 0.3824 10.1600 0.2875 20.922 20.426 20.208 19.938 -20.647 -21.143 -21.361 -21.631
520070 0.5607 10.8760 0.4615 21.999 21.659 20.999 20.834 -20.562 -20.902 -21.562 -21.727
550031 0.2816 11.3250 0.2085 19.976 19.040 18.621 18.441 -20.821 -21.757 -22.176 -22.356
150471 0.3108 11.0580 0.0180 20.859 19.916 19.382 19.132 -20.185 -21.128 -21.662 -21.912
160046 0.1067 11.1140 0.0715 17.736 16.958 16.608 16.339 -20.730 -21.508 -21.858 -22.127
170240 0.1689 10.4920 0.0870 18.909 18.401 18.170 18.043 -20.640 -21.148 -21.379 -21.506
200101 0.2860 10.4810 0.0320 22.224 21.079 20.658 20.310 -18.612 -19.757 -20.178 -20.526
340105 0.2602 10.7290 0.0440 21.155 20.137 19.665 19.440 -19.446 -20.464 -20.936 -21.161
370143 0.3869 10.8480 0.3725 20.951 20.588 20.008 19.707 -20.648 -21.011 -21.591 -21.892
500163 0.2542 10.6290 0.0695 21.359 20.371 19.873 19.606 -19.184 -20.172 -20.670 -20.937
020057 0.2360 10.3520 0.2510 20.864 20.257 19.857 19.710 -19.496 -20.103 -20.503 -20.650
180475 0.4421 11.2190 0.1230 22.227 20.858 20.289 19.966 -19.715 -21.084 -21.653 -21.976
530641 0.4189 11.3040 0.0665 21.693 20.257 19.669 19.341 -20.110 -21.546 -22.134 -22.462
160051 0.4487 11.4290 0.0155 21.012 19.944 19.410 19.048 -20.968 -22.036 -22.570 -22.932
170254 0.1482 9.9310 0.6450 19.634 19.229 18.985 18.932 -19.603 -20.008 -20.252 -20.305
480195 0.4187 10.5290 0.2960 21.649 20.898 20.669 20.352 -20.153 -20.904 -21.133 -21.450
510203 0.4192 11.3290 0.2680 20.523 19.479 19.066 18.768 -21.282 -22.326 -22.739 -23.037
070470 0.3526 9.5280 0.3605 21.910 21.338 21.473 20.986 -19.453 -20.025 -19.890 -20.377
160054 0.3987 9.5400 0.1950 21.837 21.579 21.411 21.303 -19.839 -20.097 -20.265 -20.373
200105 0.3334 10.0110 0.5540 22.412 21.910 21.619 21.384 -18.809 -19.311 -19.602 -19.837
310039 0.1725 9.9530 0.0675 20.625 20.088 19.751 19.588 -18.975 -19.512 -19.849 -20.012
370161 0.4087 9.1390 0.2940 22.923 22.518 22.499 22.308 -18.817 -19.222 -19.241 -19.432
040477 0.3458 11.0030 0.0375 20.344 19.499 19.144 18.846 -20.969 -21.814 -22.169 -22.467
052136 0.4804 11.0900 0.5090 22.014 20.986 20.402 20.145 -20.143 -21.171 -21.755 -22.012
070472 0.6666 11.4880 0.3050 21.040 20.324 19.749 19.506 -21.977 -22.693 -23.268 -23.511
140390 0.2002 10.9960 0.0125 19.992 18.950 18.418 18.237 -19.967 -21.009 -21.541 -21.722
200106 0.4637 9.4460 0.5080 22.396 21.669 22.095 21.861 -19.669 -20.396 -19.970 -20.204
340121 0.4058 10.8670 0.2845 20.220 19.485 19.123 18.709 -21.501 -22.236 -22.598 -23.012
380424 0.3625 11.6430 0.0410 19.724 18.729 18.178 17.928 -21.709 -22.704 -23.255 -23.505
530696 0.4291 10.4680 0.1800 20.804 20.028 19.820 19.688 -21.061 -21.837 -22.045 -22.177
090924 0.2852 11.3140 0.0470 20.326 19.145 18.709 18.400 -20.503 -21.684 -22.120 -22.429
130283 0.0757 11.0120 0.0325 17.457 16.656 16.225 15.975 -20.218 -21.019 -21.450 -21.700
140396 0.3585 11.3650 0.0330 20.267 19.277 18.876 18.532 -21.138 -22.128 -22.529 -22.873
170275 0.2968 10.4670 0.2880 20.156 19.563 19.407 19.200 -20.773 -21.366 -21.522 -21.729
200108 0.3958 9.4220 0.4690 22.204 22.043 21.804 21.324 -19.453 -19.614 -19.853 -20.333
350390 0.4954 11.4340 0.0535 21.141 20.235 19.675 19.309 -21.096 -22.002 -22.562 -22.928
520083 0.3386 11.2630 0.0690 20.756 19.654 19.113 18.865 -20.504 -21.606 -22.147 -22.395
530698 0.4938 10.7410 0.1445 22.386 21.424 21.007 20.663 -19.843 -20.805 -21.222 -21.566
040511 0.3142 11.3820 0.0075 19.946 18.976 18.491 18.196 -21.126 -22.096 -22.581 -22.876
150500 0.3757 10.3300 0.1495 20.700 20.004 19.825 19.543 -20.824 -21.520 -21.699 -21.981
170276 0.5223 11.1030 0.3145 21.593 20.943 20.359 20.081 -20.782 -21.432 -22.016 -22.294
380433 0.4612 9.4450 0.6035 22.472 22.239 22.028 21.793 -19.579 -19.812 -20.023 -20.258
510234 0.3401 11.1850 0.0205 20.782 19.841 19.335 19.016 -20.489 -21.430 -21.936 -22.255
520086 0.4305 10.6080 0.2510 20.885 20.305 19.969 19.815 -20.988 -21.568 -21.904 -22.058
530704 0.3904 11.2910 0.1590 20.863 19.733 19.288 18.999 -20.759 -21.889 -22.334 -22.623
040512 0.3152 10.7260 0.0295 21.233 20.315 19.925 19.620 -19.847 -20.765 -21.155 -21.460
070515 0.4746 9.4700 0.1230 22.622 22.107 21.813 21.894 -19.504 -20.019 -20.313 -20.232
360145 0.1983 9.9110 0.1785 21.110 20.554 20.250 20.072 -18.826 -19.382 -19.686 -19.864
550050 0.2028 11.2300 0.0640 18.991 18.075 17.566 17.402 -20.999 -21.915 -22.424 -22.588
040530 0.2654 9.5890 0.2335 21.362 21.025 20.846 20.601 -19.288 -19.625 -19.804 -20.049
130308 0.0818 10.4240 0.2705 17.696 16.961 16.527 16.358 -20.156 -20.891 -21.325 -21.494
150509 0.2927 10.7800 0.0045 21.197 20.212 19.800 19.408 -19.697 -20.682 -21.094 -21.486
200118 0.5272 9.7590 0.8240 21.528 21.506 21.686 21.027 -20.871 -20.893 -20.713 -21.372
380024 0.2355 11.6270 0.0945 18.773 17.830 17.374 17.175 -21.582 -22.525 -22.981 -23.180
490403 0.5235 10.7440 0.3030 21.692 20.934 20.616 20.332 -20.689 -21.447 -21.765 -22.049
540002 0.3401 9.4260 0.4545 23.034 22.739 22.123 21.770 -18.237 -18.532 -19.148 -19.501
110014 0.3284 11.5410 0.6095 20.430 19.494 19.072 18.782 -20.753 -21.689 -22.111 -22.401
120313 0.5332 10.3070 0.0775 23.132 22.224 21.734 21.547 -19.297 -20.205 -20.695 -20.882
170285 0.5279 11.2430 0.0535 22.139 21.066 20.435 20.076 -20.264 -21.337 -21.968 -22.327
